regulator	1	2	3	4	5
gene236950	15.8101	200.1693	87.1677	13.5943	34.7763
gene25060	18.255	255.8865	93.1568	15.2621	36.65
gene25260	19.7684	275.952	85.4507	17.8604	39.442
gene25360	17.5636	256.5602	79.2058	21.8605	36.4218
gene25390	13.3976	227.1553	97.3442	20.7784	35.5405
gene25400	40.4138	5.1892	82.538	34.5244	28.8735
gene25410	40.6983	38.5039	97.4512	43.9781	29.386
gene25419	35.3186	5.3993	106.963	63.8416	28.4987
gene25430	34.568	35.9922	112.2299	77.2156	29.3044
gene25550	44.9285	5.0738	78.9844	41.0641	30.5626
gene25570	20.3194	54.0765	32.3343	25.5657	51.702
gene25590	21.4438	56.9718	34.2511	22.7655	57.392
gene25610	8.7474	59.3982	24.6291	20.7524	63.6478
gene25630	2.2555	54.3866	24.492	16.9391	60.4135
gene25640	2.2699	55.5466	35.7479	15.773	55.0301
gene25650	5.943	145.9693	42.1241	44.7333	38.8936
gene25690	40.6002	111.7879	38.0655	56.1198	33.4608
gene25710	36.0284	99.4365	41.4893	63.4241	27.3924
gene25720	31.1242	94.7328	42.2782	72.6877	27.3843
gene25780	34.671	150.972	52.4078	53.6176	34.85
gene25840	29.0352	105.7806	23.0325	57.1349	48.7388
gene25850	30.6332	101.3175	29.0993	61.4077	54.2141
gene25860	34.9271	88.5832	23.3003	67.6782	51.3981
gene25870	35.0398	85.5594	21.7792	64.7422	46.7403
gene25880	30.5584	90.0986	22.5132	63.5119	42.3223
gene25910	58.1846	32.3367	10.8076	18.4942	11.6416
gene25939	49.0171	39.5306	13.1953	29.4169	14.0159
gene25960	39.7344	5.6595	18.5655	32.4349	15.8653
gene238000	38.7108	5.4069	22.765	5.72	20.6915
gene238051	41.9683	35.95	18.2758	22.5294	13.2116
gene238110	510.8632	23.5172	31.1	15.7875	40.2915
gene238140	463.7695	23.6408	31.0478	22.116	35.4541
gene238150	520.4553	20.3989	31.7405	23.3623	39.9334
gene238180	685.6041	20.8804	29.9145	20.3691	42.927
gene238210	607.6323	25.4952	32.3177	15.7479	48.3831
gene238270	414.6023	50.8053	12.8704	6.4207	25.7533
gene238290	409.735	47.4823	14.9434	7.8845	17.8335
gene238310	357.349	48.4845	18.8474	19.1422	13.8482
gene238360	328.5009	49.703	24.124	51.2265	15.7854
gene238380	414.5021	51.9775	25.1846	4.8414	32.7652
gene238400	30.9112	733.326	159.9619	39.8842	35.8924
gene238440	33.0418	624.945	171.7769	42.8648	35.7477
gene238480	34.1412	589.6613	149.2539	49.0232	34.5792
gene238490	28.3882	672.2417	147.4826	50.5678	5.7278
gene238560	28.8176	657.1321	161.3929	43.1645	35.7332
gene238590	40.6643	4.2434	27.5938	16.7726	32.4484
gene238620	43.6856	4.7601	20.6622	20.354	36.9712
gene238640	43.536	6.4849	22.0907	22.2014	33.9401
gene238650	38.8508	25.433	21.8462	23.211	29.885
gene238780	42.9386	12.4769	34.363	16.5985	31.1691
gene238800	20.4792	77.1865	38.9031	18.7131	276.5563
gene238850	22.4367	70.9118	49.7808	21.021	283.2199
gene238860	22.8265	65.5185	56.1142	23.6822	302.1306
gene238920	19.3606	60.9426	58.4859	25.3028	307.9947
gene238930	15.8602	76.7715	39.9196	21.9435	289.5976
gene238970	103.4722	60.9042	29.0216	150.1729	5.1017
gene239070	94.254	74.9952	26.1177	155.1233	32.4165
gene239090	96.8204	62.1458	23.9612	143.7027	30.0614
gene239110	96.7656	44.24	21.4251	146.6921	26.1404
gene239160	94.7459	21.3184	14.2895	139.749	33.6107
gene239180	15.7165	42.1923	9.6415	23.6869	17.4952
gene239200	18.2595	52.254	13.7992	27.2016	20.1502
gene239210	22.4938	52.789	8.3148	26.8891	18.1283
gene23950	28.0951	57.8839	12.3964	26.4153	18.5135
gene239420	23.5	20.6776	8.0232	25.0159	17.0496
gene239440	19.0904	54.615	11.0651	54.8288	93.1339
gene239620	22.1338	54.4713	15.4915	46.6119	105.0243
gene239630	25.3178	65.9382	15.566	39.0671	114.304
gene239660	26.2408	65.4712	9.8146	28.1306	129.9486
gene239710	22.2249	64.0596	9.4428	45.8471	130.1135
gene239830	25.6917	34.33	19.1891	30.4498	24.7913
gene239860	29.1286	38.7923	19.0747	31.3684	30.4802
gene239970	25.4593	39.9806	18.8818	30.7022	46.5383
gene239980	26.0128	45.9361	17.7597	30.4484	31.3113
gene240010	23.9676	5.5347	18.4342	31.8712	11.6888
gene240115	54.581	18.5776	31.1391	61.9928	41.1127
gene240190	52.095	27.294	35.0764	57.7879	43.7087
gene240340	51.8729	31.1699	36.6563	59.8515	47.0463
gene240480	67.2144	73.7093	5.0554	49.7185	43.0476
gene240510	86.1787	52.0692	28.174	56.6038	51.215
gene240520	12.9695	9.0453	25.975	38.1103	34.0629
gene240530	15.755	16.552	24.0151	41.4703	35.7912
gene240550	13.578	11.6987	21.9829	42.1445	36.663
gene240560	10.7284	26.1763	20.1233	5.0941	32.2465
gene240570	5.1679	13.245	19.0681	36.1478	30.0153
gene240750	11.6681	135.875	19.4801	38.2454	82.658
gene240770	12.075	114.2008	19.9126	35.4754	88.3859
gene240780	13.3385	125.9273	20.8569	34.7748	88.2787
gene240790	16.7277	124.4473	22.4562	33.5064	70.1864
gene240830	17.563	15.3326	21.4484	5.7207	82.3483
gene240840	27.7791	10.3274	15.4101	23.1803	20.7279
gene240860	27.8179	12.059	15.55	25.1205	20.013
gene240880	30.7858	19.6041	13.4095	30.5264	21.552
gene240890	25.9353	23.7045	14.5438	33.5491	25.1458
gene241124	24.6185	14.4832	18.1847	40.9587	22.9286
gene241180	28.4225	20.4449	28.8476	57.5594	243.5733
gene241190	26.514	21.8724	31.7633	64.75	257.9576
gene241200	23.6686	23.4566	32.034	59.7948	25.8299
gene241210	23.34	20.1816	36.0707	68.55	242.1973
gene241220	27.0478	18.434	33.5933	57.9278	232.2382